0 13
1 7
1 14
1 22
2 13
2 21
2 26
3 16
3 22
4 9
4 10
4 33
4 48
4 50
4 35
4 40
5 10
5 56
6 48
6 37
38 48
39 54
42 43
7 11
8 12
9 8
9 18
9 27
10 8
10 17
11 29
12 18
12 21
12 26
13 24
14 28
14 31
15 23
16 20
17 14
17 19
18 44
18 36
19 27
19 25
20 32
21 33
22 58
23 58
24 11
24 17
24 20
24 25
27 15
27 28
27 31
27 46
27 50
27 52
27 54
27 58
27 41
28 7
28 19
28 29
30 17
30 26
31 32
33 34
34 31
34 48
44 45
45 31
45 48
45 40
45 41
46 47
47 10
47 15
47 31
47 33
47 48
47 56
47 40
48 49
49 9
49 10
49 15
49 30
49 46
49 52
49 56
49 35
49 37
49 40
50 51
51 10
51 30
51 48
51 35
51 40
52 53
53 9
53 10
53 30
53 33
53 46
53 48
53 50
53 54
53 35
53 40
53 43
54 55
55 9
55 10
55 30
55 33
55 46
55 48
55 50
55 52
55 37
55 43
56 57
57 24
57 33
58 59
59 30
59 56
