0 8
0 17
0 21
0 25
1 16
1 29
1 32
2 17
3 7
3 16
4 10
4 35
5 9
5 50
5 52
5 54
5 56
5 59
5 36
5 41
6 10
38 10
39 10
39 33
42 10
7 11
7 20
8 12
8 19
9 27
10 17
10 18
11 22
12 13
13 24
14 15
14 28
14 31
14 44
14 46
14 48
15 23
15 34
16 21
17 19
18 37
19 27
19 26
20 14
20 32
21 15
21 48
22 10
23 31
23 40
23 43
24 8
24 20
27 59
28 32
30 8
30 17
31 16
31 29
33 23
34 52
44 53
45 46
46 47
46 51
47 35
48 49
49 37
50 47
50 51
51 10
51 40
52 45
52 53
53 9
53 30
53 54
53 43
54 55
54 57
55 41
56 55
57 52
58 46
