0 9
10 19
20 21
34 38
39 42
43 51
1 2
1 8
1 12
1 23
1 27
1 45
1 57
1 61
1 64
1 69
2 3
2 7
2 29
2 32
3 4
3 6
3 14
3 33
4 5
5 16
6 28
6 31
7 30
7 37
7 47
7 50
7 53
7 54
11 18
12 13
12 17
12 29
12 32
13 16
14 15
15 74
16 28
16 31
17 50
22 2
23 70
26 23
27 7
28 71
29 33
30 56
31 71
32 4
32 14
33 5
35 36
36 41
41 12
44 23
45 46
46 14
47 49
47 56
49 53
52 36
54 41
54 49
56 69
57 59
59 36
60 27
61 63
63 2
66 37
68 53
69 59
70 37
71 73
73 27
74 28
