0 13
0 21
1 16
1 29
1 32
2 13
2 26
3 7
3 32
4 9
4 10
4 15
4 50
4 52
4 35
5 52
5 56
5 36
6 10
38 9
38 40
39 9
42 43
7 11
7 20
8 12
9 8
9 17
9 18
9 27
10 8
10 17
11 22
12 27
13 24
13 30
14 31
15 23
16 20
17 19
18 15
18 33
18 44
18 46
18 48
18 41
19 18
20 14
20 22
21 54
22 31
23 10
24 25
27 37
28 16
30 25
30 26
31 32
33 34
34 31
44 53
45 40
46 47
46 51
47 28
48 49
48 59
49 54
50 47
51 10
52 45
52 53
53 30
54 55
54 57
55 58
56 55
57 10
58 49
59 10
