0 17
0 21
0 25
1 29
1 32
2 17
3 7
3 16
4 48
4 35
5 52
5 54
5 56
5 36
5 41
6 10
6 37
38 10
39 10
42 10
7 11
7 20
8 12
9 18
10 8
10 17
11 22
12 13
13 24
14 28
14 58
15 23
15 34
16 21
17 19
18 46
18 50
18 35
18 40
19 27
19 26
20 14
20 32
21 30
22 15
22 31
22 33
23 9
23 44
23 52
23 43
24 20
27 54
28 32
30 8
30 17
31 7
31 16
33 23
34 37
44 53
45 48
46 47
47 41
48 49
48 59
49 24
50 51
51 37
52 45
52 53
53 50
54 55
54 57
55 9
55 10
55 15
55 43
56 55
57 48
58 49
59 35
