0 4
0 32
0 40
0 16
0 27
1 2
1 34
1 37
1 11
1 25
12 13
12 64
17 4
17 18
17 32
17 40
17 54
17 31
28 2
28 34
28 37
28 30
29 32
29 40
29 27
29 31
2 3
2 10
2 33
2 44
2 86
2 88
3 5
3 9
3 23
3 45
3 47
4 3
4 51
4 57
5 6
6 21
7 8
8 9
9 15
9 61
9 76
9 93
10 25
10 30
13 14
13 24
13 71
13 88
14 19
15 66
18 14
19 20
20 21
21 22
22 23
23 10
23 24
23 26
23 44
23 71
23 85
24 11
26 31
32 14
32 88
33 45
33 47
34 10
34 33
34 44
34 49
34 86
34 93
37 38
38 56
40 26
40 38
42 43
42 57
42 65
43 36
44 72
44 73
45 20
46 44
47 48
48 7
49 50
49 69
49 72
49 73
51 52
51 53
53 15
53 26
53 49
53 76
54 55
54 86
55 56
55 67
56 8
57 58
57 59
59 60
59 82
60 16
61 62
61 63
63 76
64 65
64 68
65 66
65 70
67 60
67 76
68 25
69 55
70 82
71 72
71 73
73 55
73 93
74 77
75 3
75 38
75 44
75 49
75 51
75 55
75 57
77 78
78 79
78 83
79 74
80 79
80 83
81 55
81 57
81 76
83 74
84 51
84 61
84 76
84 85
86 91
87 74
88 90
89 74
90 55
90 60
91 10
92 51
93 95
94 74
95 49
95 55
96 74
97 3
