0 4
0 32
0 40
0 16
1 2
1 34
1 37
1 11
1 30
12 13
12 34
12 37
12 25
17 4
17 18
17 32
17 40
17 54
17 27
28 2
28 64
29 31
2 3
2 10
2 33
2 44
2 88
3 5
3 9
3 23
3 45
3 47
4 15
4 51
4 57
4 61
5 6
6 7
7 8
8 67
9 61
10 30
13 14
13 71
13 88
13 93
14 19
15 66
18 14
18 26
19 20
20 7
20 21
21 22
22 9
22 23
23 24
23 71
23 85
24 11
24 25
26 27
26 31
32 3
32 14
32 15
32 26
32 88
33 45
34 3
34 10
34 33
34 44
34 65
37 38
38 47
40 38
42 43
42 57
43 52
44 72
44 73
45 20
46 57
47 48
48 21
49 50
49 69
49 72
49 73
51 52
51 53
53 55
54 86
55 56
55 67
56 8
57 58
57 59
59 60
59 82
60 16
61 62
61 63
63 82
64 55
64 65
64 68
65 66
65 70
67 24
67 49
67 60
67 86
68 25
69 55
70 3
71 72
71 73
73 55
74 77
75 49
75 51
75 57
75 76
77 78
77 80
78 79
78 83
79 74
80 83
81 3
83 74
84 55
84 85
86 91
87 74
88 90
89 74
90 24
90 55
90 60
91 24
92 51
93 95
94 74
95 49
96 74
97 38
97 55
