0 17
0 21
0 26
1 7
1 14
1 16
1 22
1 29
1 32
2 13
3 29
4 9
4 10
4 15
4 44
4 50
4 52
4 40
5 10
5 54
5 56
5 59
6 37
38 48
39 9
39 10
39 54
39 56
39 59
42 9
42 10
42 43
7 20
7 21
8 12
8 14
9 27
10 8
10 17
10 18
10 27
11 32
12 25
13 24
13 30
14 28
14 31
14 50
14 52
15 23
15 34
16 11
16 20
17 12
17 19
18 15
18 28
18 33
18 36
18 41
19 13
19 26
20 22
21 46
22 10
23 35
23 40
23 43
24 8
27 41
28 7
30 11
31 16
33 23
34 31
34 41
44 53
45 31
45 48
45 35
46 47
46 51
47 44
47 37
48 49
49 24
50 47
50 51
51 48
51 37
52 45
52 53
53 46
54 55
54 57
55 30
56 55
57 31
58 36
