0 8
0 13
0 21
0 25
0 26
1 7
1 14
1 22
1 29
2 21
3 16
4 9
4 10
4 15
4 33
4 44
4 46
4 50
4 58
4 35
5 9
5 10
5 33
5 44
5 50
6 10
6 33
6 48
6 50
6 54
6 37
38 10
38 46
38 48
38 52
38 58
38 40
39 50
42 43
7 11
7 21
8 12
9 8
9 17
9 18
9 27
10 17
10 18
10 27
11 29
12 26
13 24
13 33
13 46
13 48
13 52
13 58
14 15
14 28
14 33
14 44
14 46
14 48
14 52
15 23
15 34
16 20
16 21
17 14
17 19
18 56
18 36
19 13
20 22
20 29
20 32
21 33
21 50
21 52
22 44
22 46
22 48
22 52
22 54
22 58
23 30
23 31
23 48
23 52
23 54
23 58
23 35
23 40
24 25
24 26
27 15
27 28
27 31
27 44
27 50
27 54
27 35
27 41
28 19
30 11
30 17
30 20
30 26
31 7
31 16
31 29
31 32
33 23
33 34
34 31
44 45
45 9
45 33
45 46
45 48
45 58
45 35
46 47
47 15
47 30
47 44
47 37
47 40
48 49
48 59
49 10
49 30
49 33
49 46
49 35
49 37
49 43
50 51
51 40
52 53
53 24
53 30
53 33
53 46
53 50
53 40
53 43
54 55
54 57
55 10
55 31
55 33
55 48
55 50
55 58
55 37
55 41
55 43
56 55
56 57
57 10
57 48
57 36
58 49
58 59
59 43
