0 8
0 13
0 21
0 25
0 26
1 7
1 14
1 22
1 29
2 17
2 21
2 26
3 16
3 32
4 9
4 10
4 15
4 46
4 48
4 50
4 52
4 58
4 35
5 9
5 10
5 15
5 54
5 56
5 36
6 54
6 37
38 10
38 48
38 50
38 52
38 35
38 40
39 46
39 50
39 54
39 41
42 54
42 43
7 11
8 12
8 19
8 22
9 18
9 27
10 8
10 17
10 27
11 32
12 18
12 25
12 26
13 15
13 24
13 56
14 10
14 15
14 28
14 46
14 48
14 52
15 23
16 20
17 19
17 22
18 31
18 33
18 44
18 46
18 48
18 40
19 13
20 14
21 30
21 54
22 15
22 28
22 50
22 52
22 58
23 10
23 46
23 48
23 50
23 52
23 56
23 58
23 35
23 41
24 8
27 36
28 29
30 8
30 17
31 7
31 32
33 34
34 37
44 45
45 40
46 47
47 24
47 31
47 35
47 40
47 41
48 49
49 31
49 37
49 43
50 51
51 31
52 53
53 10
53 15
53 46
53 43
54 55
55 30
56 57
57 10
57 46
57 50
58 59
59 31
