0 9
10 19
20 21
34 38
39 42
43 51
1 2
1 8
1 12
1 23
1 27
1 45
1 57
1 61
1 64
1 71
2 3
2 7
2 17
2 29
2 32
2 46
2 70
3 4
3 6
3 16
4 5
5 16
6 28
6 31
7 30
7 36
7 37
7 47
7 50
11 12
11 18
11 23
11 27
12 13
12 32
13 14
14 15
15 74
16 28
16 31
17 53
22 2
23 29
26 61
27 17
28 69
29 33
30 56
31 30
32 4
32 33
33 5
35 54
36 41
36 49
36 56
41 45
44 53
45 13
46 14
47 41
49 53
52 30
54 41
54 49
56 61
57 59
57 73
59 18
60 71
61 63
63 2
66 36
66 37
68 53
70 47
71 59
73 2
74 28
