0 4
0 18
0 32
0 40
0 54
0 16
0 31
1 2
1 13
1 11
1 30
12 34
12 11
17 16
28 37
28 64
28 25
28 30
29 16
29 27
2 3
2 33
3 5
3 9
3 19
3 23
4 15
4 60
5 6
5 22
5 48
6 7
6 21
7 8
8 42
8 67
9 93
10 35
10 36
10 58
13 10
13 14
13 24
14 45
15 39
15 16
18 26
19 20
20 7
21 8
22 46
23 10
23 43
23 44
23 49
23 51
24 25
26 41
32 14
33 47
34 3
34 10
34 38
34 55
37 93
38 45
38 56
40 38
42 71
43 52
44 41
45 20
46 71
47 8
48 21
49 50
49 66
49 69
49 70
51 53
51 62
51 63
53 76
54 3
55 45
56 48
57 59
59 85
60 27
61 36
63 93
64 65
64 68
65 72
65 73
67 57
67 61
67 82
67 88
68 25
69 86
70 43
71 41
73 57
74 77
75 76
77 78
77 80
78 79
79 74
80 83
81 85
83 74
84 3
86 90
86 91
87 74
88 95
89 74
90 57
90 61
91 33
91 57
91 61
92 57
92 61
92 82
92 85
93 91
94 74
95 61
96 74
97 3
