0 13
1 7
1 14
1 16
1 29
2 13
3 32
4 9
4 10
4 15
4 46
4 48
4 52
4 35
5 9
5 54
5 56
5 59
5 36
5 41
6 10
38 50
39 15
39 54
39 59
39 36
39 41
42 43
7 11
8 12
8 14
9 18
9 27
10 8
10 17
10 27
11 32
12 21
13 24
13 30
14 9
14 10
14 28
14 31
15 23
15 34
16 11
16 20
17 19
18 44
18 46
19 18
19 21
19 25
19 26
20 22
21 24
22 33
23 37
24 17
27 28
27 33
28 16
28 19
30 25
31 7
31 29
33 23
33 34
34 37
44 45
44 53
45 56
46 47
46 51
47 31
47 48
47 52
48 49
49 30
49 50
49 35
49 40
50 51
51 40
52 45
52 53
53 50
54 55
54 57
55 10
55 43
56 57
57 9
57 52
58 36
