0 25
1 16
1 22
1 29
1 32
2 13
3 7
3 16
3 29
3 32
4 9
4 15
4 33
4 44
4 46
4 48
4 50
4 52
4 58
4 40
5 10
5 54
5 56
5 36
6 10
6 37
38 35
39 10
39 36
42 10
42 43
7 11
7 20
8 19
8 22
9 17
9 18
9 27
10 8
10 17
10 18
10 27
11 14
12 21
13 24
13 30
14 28
14 58
15 23
15 34
16 20
16 21
17 12
17 19
18 15
18 40
19 13
19 25
19 26
20 14
21 52
22 56
23 44
23 46
23 48
23 54
24 11
27 41
28 7
30 8
31 12
33 23
33 34
34 35
44 45
44 53
45 33
45 50
46 47
46 51
47 30
48 49
48 59
49 24
50 47
50 51
51 9
52 45
52 53
53 31
54 55
54 57
55 9
55 28
55 31
55 37
55 43
56 55
56 57
57 33
58 49
58 59
59 35
