0 16
1 11
2 86
3 47
4 88
5 22
6 7
7 8
8 42
9 88
11 28
12 25
13 88
14 56
16 17
17 31
18 86
19 6
20 21
21 22
22 46
23 86
25 1
27 0
28 30
29 31
30 1
31 0
32 86
33 56
34 86
35 1
36 1
37 65
38 47
39 0
40 86
41 0
42 86
43 59
44 73
45 8
46 88
47 8
47 22
48 21
49 69
50 0
51 59
52 1
53 88
54 38
55 45
56 8
57 53
58 1
59 86
61 53
62 1
63 26
64 88
65 69
66 0
67 86
69 24
70 86
71 73
72 0
73 85
74 77
75 14
77 78
78 83
79 74
80 83
81 38
83 74
84 76
84 82
86 90
87 74
88 90
89 74
90 65
91 10
92 71
93 95
94 74
95 65
96 74
97 55
