0 1
0 22
0 26
0 60
0 9
10 11
10 22
10 26
10 19
20 1
20 21
34 35
34 52
34 66
34 68
34 38
39 35
39 52
39 66
39 42
43 44
43 51
1 2
1 23
1 27
1 57
2 3
2 7
2 29
2 32
2 70
3 4
4 5
4 15
5 6
6 70
7 8
7 53
7 69
8 21
11 12
11 23
11 27
11 45
11 71
12 13
12 17
12 70
13 14
14 15
15 16
16 31
17 18
17 53
18 9
22 8
23 17
23 29
23 32
26 57
27 7
28 30
29 16
30 41
31 61
32 33
33 5
35 2
35 36
35 37
36 40
36 41
36 55
36 56
37 51
41 37
41 45
44 47
44 50
45 46
46 16
47 48
47 49
49 37
50 65
50 42
52 12
52 54
53 38
53 42
54 55
54 56
56 37
57 58
57 59
59 45
60 45
60 61
60 64
61 62
61 63
63 64
64 25
66 30
68 37
69 65
70 18
71 72
71 73
73 2
74 28
