0 8
0 13
0 21
0 25
0 26
1 7
1 14
1 29
2 17
2 26
3 16
4 9
4 10
4 15
4 44
4 48
4 50
4 58
4 35
5 9
5 10
5 15
5 56
5 36
6 37
38 10
38 52
38 40
39 46
39 54
39 41
42 54
42 43
7 11
7 21
8 12
8 22
9 8
9 18
9 27
10 17
10 27
11 32
12 21
13 24
13 44
14 15
14 28
14 46
14 48
14 52
15 23
16 20
16 21
17 14
17 19
17 22
18 33
18 46
18 48
18 37
19 13
20 32
21 30
21 54
22 10
22 15
22 50
22 52
23 10
23 31
23 46
23 48
23 50
23 52
23 43
24 25
24 26
27 56
28 19
30 8
30 17
31 19
31 29
33 34
34 31
44 45
45 40
46 47
47 31
47 54
47 36
47 41
48 49
49 40
50 51
51 35
51 40
52 53
53 10
53 15
54 55
55 30
55 31
55 44
56 57
57 58
58 59
59 24
