0 13
0 17
0 21
0 25
1 7
1 14
1 16
1 22
1 32
2 13
3 29
4 9
4 10
4 15
4 44
4 48
4 50
4 52
4 40
5 10
5 54
5 56
5 59
5 36
5 41
6 10
38 33
39 52
42 9
42 43
7 11
7 21
8 12
8 19
9 18
9 27
10 8
10 17
11 32
12 25
12 26
13 24
13 30
14 9
14 31
14 54
15 23
15 34
16 20
17 19
18 35
19 18
19 27
20 14
20 22
21 15
22 48
23 37
24 8
24 17
27 28
27 31
28 16
28 19
30 17
30 26
31 7
31 29
33 34
34 28
44 45
44 53
45 41
46 47
46 51
47 10
47 59
47 40
48 49
49 30
49 33
50 47
50 51
51 40
52 45
52 53
53 24
53 36
54 55
54 57
55 44
55 46
55 50
55 43
56 57
57 37
58 46
