0 13
0 17
0 21
0 25
0 26
1 7
1 22
1 29
1 32
2 13
2 25
3 16
3 29
4 9
4 10
4 15
4 33
4 44
4 46
4 48
4 50
4 52
4 35
4 40
5 54
5 56
5 59
6 37
38 35
38 40
39 10
39 15
39 54
42 43
7 11
7 21
8 12
8 14
9 27
10 8
10 17
10 18
10 27
11 32
12 26
13 24
13 30
14 9
14 28
14 31
14 48
14 50
14 52
15 23
15 34
16 20
17 19
18 43
19 26
20 22
21 56
22 10
23 36
24 8
27 33
28 16
30 20
31 7
31 12
33 23
34 9
44 45
44 53
45 9
45 46
46 47
46 51
47 10
47 36
47 41
48 49
49 28
49 30
49 31
50 47
50 51
51 24
52 45
52 53
53 24
54 55
54 57
55 37
56 55
57 52
58 41
