0 1
0 9
10 11
10 22
10 26
10 19
20 22
20 26
20 60
20 21
34 52
34 66
34 68
34 38
39 35
39 44
39 52
39 42
43 35
43 51
1 2
1 23
1 27
1 57
2 3
2 29
2 32
2 46
2 70
3 4
4 5
5 6
6 7
7 8
7 54
8 21
11 12
11 23
11 27
11 45
11 71
12 13
12 46
12 70
13 14
13 16
14 15
15 74
16 17
17 18
17 53
18 21
22 8
23 7
23 17
23 29
23 32
23 46
26 57
27 7
28 30
28 69
29 33
30 49
31 61
32 14
32 33
33 5
35 2
35 36
35 37
36 40
36 41
36 55
36 56
37 51
41 45
41 53
44 47
44 50
44 53
45 13
46 33
47 48
47 49
49 45
50 51
52 12
52 37
52 45
53 38
53 42
54 55
54 56
56 37
57 58
57 59
59 27
60 45
60 61
60 64
61 62
61 63
63 2
63 8
64 9
66 54
68 27
69 65
70 47
71 72
71 73
73 18
74 28
