0, 25
0, 8, 12, 25
0, 8, 12, 13, 15, 23, 24, 25
0, 8, 12, 13, 46, 47, 24, 25
0, 8, 12, 13, 48, 49, 24, 25
0, 8, 12, 13, 52, 53, 24, 25
0, 8, 12, 13, 54, 55, 24, 25

1, 29
1, 7, 11, 29
1, 7, 11, 14, 15, 23, 28, 29
1, 7, 11, 14, 46, 47, 28, 29
1, 7, 11, 14, 48, 49, 28, 29
1, 7, 11, 14, 52, 53, 28, 29
1, 7, 11, 14, 54, 55, 28, 29
5, 9, 18, 36
5, 9, 8, 12, 18, 36
5, 9, 8, 12, 18, 33, 34, 36
5, 9, 8, 12, 18, 44, 45, 36
5, 9, 8, 12, 18, 50, 51, 36
5, 9, 8, 12, 18, 56, 57, 36
38, 10, 27, 40
38, 10, 17, 19, 27, 40
38, 10, 17, 19, 27, 15, 23, 40
38, 10, 17, 19, 27, 46, 47, 40
38, 10, 17, 19, 27, 52, 53, 40
38, 10, 17, 19, 27, 48, 49, 40

39, 10, 27, 41
39, 10, 17, 19, 27, 41
39, 10, 17, 19, 27, 15, 23, 41
39, 10, 17, 19, 27, 46, 47, 41
39, 10, 17, 19, 27, 52, 53, 41
39, 10, 17, 19, 27, 54, 55, 41

2, 26
2, 17, 19, 26
2, 17, 19, 21, 15, 23, 30, 26
2, 17, 19, 21, 46, 47, 30, 26
2, 17, 19, 21, 48, 49, 30, 26
2, 17, 19, 21, 52, 53, 30, 26
2, 17, 19, 21, 54, 55, 30, 26

3, 32
3, 16, 20, 32
3, 16, 20, 22, 15, 23, 31, 32
3, 16, 20, 22, 46, 47, 31, 32
3, 16, 20, 22, 48, 49, 31, 32
3, 16, 20, 22, 52, 53, 31, 32
3, 16, 20, 22, 54, 55, 31, 32

4, 9, 18, 35
4, 9, 8, 12, 18, 35
4, 9, 8, 12, 18, 33, 34, 35
4, 9, 8, 12, 18, 44, 45, 35
4, 9, 8, 12, 18, 50, 51, 35
4, 9, 8, 12, 18, 58, 59, 35

6, 10, 27, 37
6, 10, 17, 19, 27, 37
6, 10, 17, 19, 27, 15, 23, 37
6, 10, 17, 19, 27, 46, 47, 37
6, 10, 17, 19, 27, 54, 55, 37
6, 10, 17, 19, 27, 48, 49, 37

42, 10, 27, 43
42, 10, 17, 19, 27, 43
42, 10, 17, 19, 27, 15, 23, 43
42, 10, 17, 19, 27, 52, 53, 43
42, 10, 17, 19, 27, 54, 55, 43
42, 10, 17, 19, 27, 48, 49, 43

