0 25 100 100 100
1 29 100 100 100
2 26 100 100 100
3 32 100 100 100
4 35 100 100 100
5 36 100 100 100
6 37 100 100 100
7 11 100 100 100
8 12 100 100 100
9 18 100 100 100
10 27 100 100 100
13 24 100 100 100
14 28 100 100 100
15 23 100 100 100
16 20 100 100 100
17 19 100 100 100
21 30 100 100 100
22 31 100 100 100
33 34 100 100 100
38 40 100 100 100
39 41 100 100 100
42 43 100 100 100
44 45 100 100 100
46 47 100 100 100
48 49 100 100 100
50 51 100 100 100
52 53 100 100 100
54 55 100 100 100
56 57 100 100 100
58 59 100 100 100
42 36 99 99 99
42 35 99 99 99
5 35 99 99 99
0 26 99 99 99
39 35 98 98 98
39 36 98 98 98
3 29 98 98 98
42 37 98 98 98
1 32 98 98 98
5 37 98 98 98
5 41 98 98 98
5 40 98 98 98
42 41 98 98 98
38 37 98 98 98
39 40 98 98 98
6 43 98 98 98
38 35 98 98 98
38 36 98 98 98
38 41 98 98 98
4 36 98 98 98
6 40 98 98 98
39 37 98 98 98
42 40 98 98 98
5 43 98 98 98
6 35 98 98 98
6 41 98 98 98
4 40 98 98 98
6 36 98 98 98
4 43 98 98 98
38 43 98 98 98
4 37 98 98 98
39 43 98 98 98
4 41 98 98 98
2 25 98 98 98
13 31 96 96 96
19 17 96 96 96
14 30 96 96 96
13 30 96 96 96
22 30 96 96 96
10 17 100 92 96
14 31 96 96 96
12 8 96 96 96
22 28 96 96 96
21 31 96 96 96
13 28 96 96 96
21 28 96 96 96
22 24 95 95 95
21 24 95 95 95
14 24 95 95 95
23 15 95 95 95
19 27 91 99 95
55 54 95 95 95
49 48 95 95 95
53 52 95 95 95
7 20 95 95 95
47 46 95 95 95
16 11 94 94 94
20 16 94 94 94
11 7 94 94 94
27 10 93 93 93
47 48 93 93 93
55 48 93 93 93
47 52 93 93 93
53 48 93 93 93
49 46 93 93 93
55 52 93 93 93
53 46 93 93 93
55 46 93 93 93
49 52 93 93 93
18 9 93 93 93
47 54 93 93 93
1 7 86 100 92
3 16 86 100 92
11 29 100 86 92
20 32 100 86 92
49 54 92 92 92
2 20 86 100 92
53 54 92 92 92
0 11 86 100 92
0 20 86 100 92
2 11 86 100 92
11 16 92 92 92
39 46 100 85 92
3 7 85 100 92
4 46 100 85 92
38 52 100 85 92
5 46 100 85 92
38 46 100 85 92
42 46 100 85 92
42 48 100 85 92
6 46 100 85 92
42 54 100 85 92
1 16 85 100 92
6 48 100 85 92
20 7 92 92 92
6 54 99 85 92
38 48 99 85 92
4 48 99 85 92
39 48 99 85 92
42 52 99 85 92
4 54 99 85 92
39 54 99 85 92
5 48 99 85 92
5 54 99 85 92
5 52 99 85 92
38 54 99 85 92
4 52 99 85 92
39 52 99 85 92
6 52 99 85 92
28 14 91 91 91
24 13 91 91 91
31 22 91 91 91
30 21 91 91 91
4 24 83 100 91
4 28 83 100 91
4 30 83 100 91
4 31 83 100 91
5 24 83 100 91
5 28 83 100 91
5 30 83 100 91
6 24 83 100 91
6 28 83 100 91
6 30 83 100 91
6 31 83 100 91
11 14 83 100 91
20 22 83 100 91
38 24 83 100 91
38 28 83 100 91
38 30 83 100 91
38 31 83 100 91
39 24 83 100 91
39 28 83 100 91
39 30 83 100 91
39 31 83 100 91
42 24 83 100 91
42 28 83 100 91
42 30 83 100 91
42 31 83 100 91
5 31 83 100 91
7 26 98 84 91
43 47 98 84 91
16 26 98 84 91
7 21 83 100 91
16 21 83 100 91
16 13 83 100 91
7 13 83 100 91
34 33 90 90 90
45 44 90 90 90
36 49 98 84 90
41 49 98 84 90
35 55 98 84 90
16 25 98 84 90
51 50 90 90 90
11 32 98 84 90
40 55 98 84 90
37 53 98 84 90
7 25 98 84 90
25 0 90 90 90
32 3 90 90 90
26 2 90 90 90
29 1 90 90 90
35 4 90 90 90
36 5 90 90 90
37 6 90 90 90
40 38 90 90 90
41 39 90 90 90
43 42 90 90 90
57 56 90 90 90
59 58 90 90 90
20 29 97 84 90
11 22 82 99 90
20 14 82 99 90
24 21 90 90 90
28 22 90 90 90
23 48 84 96 90
23 52 84 96 90
23 54 84 96 89
31 14 89 89 89
23 46 84 96 89
55 15 96 84 89
53 15 95 84 89
34 44 89 89 89
49 15 95 83 89
47 15 95 83 89
34 50 89 89 89
30 13 89 89 89
45 50 88 88 88
51 44 88 88 88
51 33 88 88 88
45 33 88 88 88
47 37 82 95 88
55 37 82 95 88
47 40 82 95 88
47 41 82 95 88
55 43 82 95 88
47 36 82 95 88
47 35 81 95 88
55 41 81 95 88
53 40 81 95 88
55 36 81 95 88
49 43 81 95 88
49 37 81 95 88
55 40 81 95 88
47 43 81 95 88
55 35 81 95 88
49 40 81 95 88
53 43 81 95 88
53 35 81 95 87
25 2 87 87 87
49 35 81 95 87
53 36 81 94 87
53 37 81 94 87
49 41 81 94 87
49 36 81 94 87
53 41 81 94 87
57 59 87 87 87
58 56 87 87 87
32 1 87 87 87
13 35 96 80 87
22 35 96 80 87
29 3 87 87 87
41 5 87 87 87
13 40 95 79 87
26 0 87 87 87
13 37 95 79 87
13 41 95 79 86
14 35 95 79 86
13 36 95 79 86
13 43 95 79 86
22 36 95 79 86
22 40 95 79 86
14 36 95 79 86
21 35 95 79 86
36 39 86 86 86
35 38 86 86 86
40 4 86 86 86
14 41 95 79 86
14 40 95 79 86
22 43 95 79 86
21 40 95 79 86
22 41 95 79 86
14 43 95 79 86
14 37 94 79 86
22 37 94 79 86
9 8 100 75 86
21 36 94 79 86
21 41 94 79 86
21 37 94 78 86
12 18 75 100 86
21 43 94 78 86
39 15 100 75 85
42 15 100 75 85
38 15 100 75 85
5 15 99 75 85
6 15 99 75 85
4 15 99 74 85
23 40 73 98 84
23 41 73 98 84
23 37 73 98 84
23 43 73 98 84
23 36 73 98 84
23 35 73 97 84
0 13 71 100 83
0 21 71 100 83
1 14 71 100 83
1 22 71 100 83
2 13 71 100 83
2 21 71 100 83
3 14 71 100 83
3 22 71 100 83
24 25 100 71 83
28 29 100 71 83
30 26 100 71 83
31 32 100 71 83
24 20 91 76 83
24 11 91 76 83
47 30 71 99 82
55 24 71 99 82
55 31 71 99 82
47 24 71 99 82
53 30 71 99 82
49 31 71 99 82
47 31 71 99 82
53 31 71 99 82
53 24 71 99 82
55 28 71 99 82
49 28 71 99 82
55 30 70 99 82
22 46 99 70 82
53 28 70 99 82
47 28 70 99 82
49 30 70 99 82
28 7 90 75 82
49 24 70 99 82
13 46 98 70 82
14 46 98 70 82
13 48 98 70 82
31 16 90 75 82
14 48 98 70 82
14 54 98 70 82
21 46 98 70 82
22 48 98 70 82
14 52 98 70 82
21 52 98 70 82
21 54 98 70 82
22 54 98 70 82
30 11 90 75 82
13 54 98 70 82
13 52 98 70 82
22 52 98 70 82
54 4 76 89 82
21 48 98 70 82
30 20 90 75 82
54 38 76 88 82
46 42 76 88 82
52 6 76 88 81
48 5 76 88 81
48 39 76 88 81
31 7 89 74 81
28 16 89 74 81
10 8 67 100 80
18 15 66 99 80
24 26 95 68 79
12 27 99 66 79
28 32 95 68 79
31 29 95 68 79
30 25 94 67 78
23 31 62 99 76
23 30 62 99 76
23 24 62 99 76
23 28 62 99 76
17 12 61 100 76
8 19 99 61 76
13 15 98 62 76
22 15 98 62 76
21 15 98 62 76
14 15 98 61 76
12 17 99 61 75
23 9 93 62 74
19 8 60 97 74
9 25 58 100 74
9 26 58 100 74
18 46 58 100 73
18 48 58 100 73
18 54 58 100 73
0 18 99 58 73
18 52 58 99 73
2 18 99 58 73
55 9 94 55 69
53 9 94 55 69
47 9 94 55 69
49 9 93 54 69
4 9 100 50 67
5 9 100 50 67
18 35 50 100 67
18 36 50 100 67
10 18 50 100 67
18 41 50 100 67
9 11 50 100 67
18 40 50 100 67
9 20 50 100 66
18 43 50 100 66
9 27 100 50 66
18 37 50 100 66
16 18 99 50 66
42 9 99 50 66
7 18 99 49 66
39 9 99 49 66
38 9 99 49 66
6 9 99 49 66
18 10 99 49 66
51 59 48 96 64
34 59 48 96 64
45 59 48 96 64
58 44 95 48 63
34 56 48 95 63
58 33 95 47 63
19 18 46 100 63
51 56 47 95 63
27 9 47 95 63
45 56 47 94 63
9 17 100 46 63
58 50 94 47 63
57 44 94 47 63
57 33 94 47 62
57 50 93 47 62
0 8 100 44 61
8 29 44 100 61
8 32 44 100 61
12 25 44 100 61
3 12 100 44 61
12 26 44 100 61
1 12 99 44 61
2 8 99 43 60
9 21 42 100 59
18 24 42 100 59
18 30 42 100 59
18 28 42 100 59
18 31 42 100 59
9 13 42 100 59
22 9 97 40 57
14 9 97 40 57
13 9 97 40 57
24 18 97 40 57
14 44 40 100 57
13 50 40 100 57
14 33 40 100 57
21 44 40 100 57
22 44 40 100 57
13 33 40 100 57
14 50 40 100 57
21 33 40 100 57
22 33 40 100 57
30 18 97 40 57
13 44 40 100 57
21 50 40 100 57
22 50 40 99 57
21 9 96 40 57
51 31 98 39 56
34 30 98 39 56
51 30 98 39 56
45 31 98 39 56
34 24 98 39 56
51 28 98 39 56
34 31 97 39 56
45 30 97 39 56
51 24 97 39 56
34 28 97 39 56
45 28 97 39 56
45 24 97 39 55
20 12 99 37 54
16 8 99 37 54
11 12 99 37 54
7 8 99 37 54
12 20 37 99 54
12 11 37 99 54
8 7 37 99 54
8 16 37 98 54
4 33 33 100 50
4 44 33 100 50
4 50 33 100 50
5 33 33 100 50
5 44 33 100 50
5 50 33 100 50
6 33 33 100 50
6 44 33 100 50
6 50 33 100 50
38 33 33 100 50
38 44 33 100 50
38 50 33 100 50
39 33 33 100 50
39 44 33 100 50
39 50 33 100 50
42 33 33 100 50
42 44 33 100 50
42 50 33 100 50
27 15 33 100 50
34 35 99 33 49
34 36 99 33 49
43 51 33 99 49
51 36 99 33 49
37 45 33 99 49
51 35 99 33 49
45 35 98 33 49
45 36 98 33 49
34 41 98 33 49
51 41 98 33 49
51 40 98 33 49
23 10 98 33 49
34 40 97 32 49
45 40 97 32 49
45 41 97 32 49
34 37 97 32 49
51 43 97 32 49
51 37 97 32 49
45 37 97 32 49
45 43 97 32 48
34 43 97 32 48
8 14 31 100 48
12 13 31 100 48
8 22 31 100 48
12 21 31 100 47
50 42 94 31 47
44 6 93 31 47
31 12 98 31 47
24 8 98 31 47
28 12 97 30 46
30 8 97 30 46
10 25 29 100 45
27 48 29 100 45
27 54 29 100 45
10 26 29 100 45
0 27 100 29 45
27 46 29 100 45
27 52 29 100 45
2 27 100 29 45
46 51 29 100 44
52 45 29 100 44
53 10 98 29 44
49 10 98 28 44
47 10 98 28 44
55 10 98 28 44
50 47 99 28 44
47 44 28 99 44
55 44 28 99 44
55 33 28 99 44
47 33 28 98 44
53 44 28 98 44
34 46 98 28 44
45 46 98 28 44
47 50 28 98 44
44 53 98 28 44
49 44 28 98 44
55 50 28 98 44
45 54 98 28 44
51 46 98 28 44
49 33 28 98 44
51 48 98 28 44
53 33 28 98 44
34 48 98 28 44
51 54 98 28 44
34 54 98 28 44
49 50 28 98 44
51 52 98 28 43
34 52 98 28 43
45 48 98 28 43
45 52 97 28 43
53 50 28 97 43
2 17 100 27 42
17 29 27 100 42
1 19 100 27 42
17 32 27 100 42
3 19 100 27 42
0 17 100 27 42
19 25 27 100 42
19 26 27 100 42
6 10 100 25 40
27 37 25 100 40
27 40 25 100 40
27 41 25 100 40
27 43 25 100 40
38 10 100 25 40
39 10 100 25 40
42 10 100 25 40
10 11 25 100 40
27 36 25 100 40
10 20 25 100 40
27 35 25 100 40
16 27 100 25 40
5 10 100 25 40
7 27 100 25 40
4 10 100 25 40
15 34 25 100 40
33 23 99 25 40
23 33 25 99 39
23 44 25 98 39
34 15 98 25 39
23 50 25 98 39
51 15 98 25 39
45 15 98 24 39
20 19 100 23 37
11 19 100 23 37
16 17 100 23 37
7 17 100 23 37
19 11 23 99 37
19 20 23 99 37
17 7 23 99 37
17 16 23 99 37
10 13 21 100 34
10 21 21 100 34
27 30 21 100 34
27 31 21 100 34
27 24 21 100 34
27 28 21 100 34
22 10 99 21 34
30 27 99 21 34
14 10 99 21 34
21 10 99 21 34
24 27 99 21 34
13 10 99 21 34
13 59 20 100 33
14 59 20 100 33
21 59 20 100 33
22 59 20 100 33
13 56 20 100 33
21 56 20 99 33
22 56 20 99 33
14 56 20 99 33
58 30 98 20 33
58 31 98 20 33
58 24 98 20 33
58 28 98 20 33
57 30 98 20 33
57 31 97 19 32
57 24 97 19 32
57 28 97 19 32
17 22 19 100 32
19 21 19 100 32
17 14 19 100 32
19 13 19 100 32
30 17 99 19 32
28 19 99 19 32
31 19 99 19 32
24 17 99 19 32
4 56 17 100 29
4 59 17 100 29
5 56 17 100 29
5 59 17 100 29
6 56 17 100 29
6 59 17 100 29
18 33 17 100 29
18 44 17 100 29
18 50 17 100 29
38 56 17 100 29
38 59 17 100 29
39 56 17 100 29
39 59 17 100 29
42 56 17 100 29
42 59 17 100 29
57 36 100 17 29
58 35 100 17 29
35 57 17 99 28
40 57 17 99 28
58 41 98 16 28
36 58 16 98 28
41 58 16 98 28
58 36 98 16 28
58 37 98 16 28
57 41 98 16 28
57 35 98 16 28
58 40 98 16 28
57 37 98 16 28
34 9 97 16 28
57 43 97 16 28
51 9 97 16 28
57 40 97 16 28
58 43 97 16 28
45 9 97 16 28
59 39 96 16 27
56 38 94 16 27
59 5 94 16 27
56 4 94 16 27
54 57 14 99 25
47 59 14 99 25
48 58 14 99 25
49 59 14 99 25
53 59 14 99 25
55 59 14 99 25
56 55 99 14 25
58 48 99 14 25
59 49 99 14 25
58 46 98 14 25
58 54 98 14 25
57 54 98 14 25
57 48 98 14 25
58 52 98 14 25
47 56 14 98 25
53 56 14 98 24
55 56 14 98 24
57 46 98 14 24
57 52 98 14 24
49 56 14 98 24
23 59 12 99 22
23 56 12 98 22
57 15 98 12 22
58 15 98 12 22
18 56 8 100 15
18 59 8 100 15
27 44 8 100 15
27 50 8 100 15
27 33 8 100 15
51 10 99 8 15
34 10 98 8 15
45 10 98 8 15
58 9 98 8 15
57 9 97 8 15
27 56 4 100 8
27 59 4 100 8
58 10 99 4 8
57 10 99 4 8
