0 17
1 32
2 17
3 16
3 22
4 15
4 50
5 44
5 36
6 9
38 46
39 10
42 15
42 43
7 11
7 13
7 21
8 12
9 27
10 8
10 17
10 27
11 14
11 22
12 18
12 26
13 24
13 30
13 58
14 10
14 54
14 56
15 23
16 20
17 19
18 28
19 27
19 25
20 29
21 33
22 31
23 9
23 10
23 48
23 52
23 35
23 37
23 40
23 41
24 17
27 31
28 7
28 16
30 17
31 7
31 16
31 29
33 34
34 46
44 53
45 40
46 47
47 37
48 49
48 59
49 10
49 15
49 54
50 51
51 52
52 45
52 53
53 36
54 55
54 57
55 36
56 55
57 43
58 49
59 30
