5 7
8 0
8 4
8 28
8 18
8 24
8 38
8 44
8 45
8 57
13 4
13 14
13 42
13 18
20 28
20 30
21 0
21 4
21 12
21 28
21 30
27 6
29 36
35 28
35 36
41 36
47 46
47 49
47 52
51 46
51 52
0 1
0 17
0 26
0 31
0 33
0 39
1 2
1 32
2 3
2 22
2 25
3 7
3 9
3 34
4 3
4 15
4 23
4 26
4 31
6 17
10 11
11 6
11 12
11 28
11 54
12 1
12 3
14 17
15 2
15 16
15 32
16 3
16 22
16 25
17 24
19 11
22 10
22 19
22 40
23 43
25 19
25 53
26 2
26 32
28 3
28 33
28 56
30 3
31 32
32 3
32 50
33 7
36 3
36 15
36 23
36 37
37 2
37 16
37 32
39 10
39 58
40 11
42 37
43 3
46 48
48 49
50 58
53 55
54 37
54 49
55 7
56 43
58 55
