0 13
0 21
0 25
0 26
1 7
1 14
1 16
1 22
1 29
2 13
2 17
3 16
3 29
4 9
4 10
4 15
4 33
4 44
4 46
4 48
4 50
4 52
4 35
4 40
5 10
5 56
5 36
6 10
6 37
38 35
39 36
42 9
42 43
7 11
7 20
8 12
9 18
9 27
10 8
10 17
10 18
10 27
11 32
12 21
13 24
13 30
13 58
14 10
14 15
14 28
14 31
14 46
14 48
14 50
15 23
15 34
16 20
17 19
18 41
19 26
20 14
20 22
21 44
21 54
22 54
23 9
23 24
23 37
23 40
24 8
27 41
28 19
30 11
30 25
31 7
31 12
31 32
33 23
33 34
34 52
44 45
44 53
45 15
46 47
46 51
47 52
48 49
48 59
49 56
50 47
50 51
51 10
51 33
52 53
53 41
54 55
54 57
55 28
55 30
55 31
55 36
55 43
56 55
57 31
58 49
58 59
59 28
