0 16
1 11
2 55
3 56
4 14
5 20
6 21
7 22
8 9
9 10
11 12
12 25
13 38
14 23
16 29
17 27
18 51
19 20
20 21
21 22
22 23
23 71
25 1
27 0
28 25
29 31
30 1
31 0
32 15
33 9
34 88
35 1
36 1
37 10
38 9
39 0
40 55
41 0
42 86
44 73
45 48
46 44
47 6
47 48
48 7
49 69
50 0
51 59
52 1
53 49
54 60
55 5
56 8
57 53
58 1
59 82
61 59
62 1
63 3
64 24
65 70
66 0
67 49
69 76
70 68
71 73
72 0
73 88
74 77
75 82
77 78
78 83
79 74
80 79
81 65
83 74
84 71
86 91
87 74
88 91
89 74
90 65
91 10
92 49
93 95
94 74
95 49
96 74
97 49
