0 16
1 11
2 3
2 10
2 14
2 24
2 33
2 38
2 44
2 55
2 68
2 71
2 86
3 5
3 9
3 19
3 23
3 47
3 56
4 15
4 43
4 55
4 57
4 60
4 61
5 6
5 8
5 20
5 22
5 48
6 7
7 22
8 67
9 26
9 76
9 82
9 85
12 25
12 30
13 55
14 45
17 27
17 31
18 61
19 22
20 21
21 8
21 22
22 67
23 51
28 25
28 30
29 27
29 31
32 93
33 19
33 23
34 3
34 14
34 24
34 33
34 38
34 49
37 93
38 45
40 14
45 20
45 48
46 51
47 6
47 8
53 65
54 26
54 55
55 67
56 8
57 59
57 63
59 88
61 63
63 93
64 88
67 26
67 60
67 76
67 86
69 55
69 76
70 61
71 73
73 86
74 77
75 49
78 79
78 83
80 79
80 83
81 85
84 3
90 71
91 3
92 85
93 95
95 44
97 55
