0 16
1 11
2 71
3 45
4 60
5 48
6 7
7 8
8 46
9 86
11 12
12 25
13 10
14 9
16 17
17 27
17 31
18 14
19 8
20 21
21 22
22 46
23 44
25 1
27 0
28 30
29 31
30 1
31 0
32 60
33 47
34 68
35 1
36 1
37 10
38 47
39 0
40 61
41 0
42 51
43 53
45 20
46 88
47 48
48 21
49 69
50 0
51 53
52 1
53 26
54 57
55 56
56 6
57 53
58 1
59 49
61 63
62 1
63 76
64 68
65 70
66 0
67 68
69 76
70 68
71 73
72 0
73 33
74 77
75 82
77 80
78 79
79 74
80 83
81 57
83 74
84 49
84 85
86 91
87 74
88 90
89 74
90 15
91 49
92 49
93 95
94 74
95 24
96 74
97 76
