0 9
10 19
20 21
34 38
39 42
43 51
1 2
1 8
1 12
1 18
1 23
1 45
1 57
1 61
1 64
1 71
2 3
2 7
2 13
2 17
2 29
2 32
2 46
2 70
3 4
3 14
3 16
4 5
5 6
6 28
6 31
7 30
7 36
7 47
7 50
7 53
7 54
11 2
12 29
13 33
14 15
15 74
16 28
16 31
17 37
22 12
22 18
22 23
23 70
26 27
27 13
27 17
28 69
29 16
30 41
31 30
32 14
32 33
33 5
35 37
36 41
36 56
41 45
44 53
45 32
46 14
47 49
49 53
52 12
54 41
54 49
56 27
57 59
57 73
59 12
60 71
61 63
63 2
66 36
68 53
70 37
71 59
73 2
74 28
