0 8
0 13
0 25
1 7
1 14
1 22
1 29
2 13
3 16
3 32
4 9
4 10
4 15
4 48
4 52
4 58
4 35
5 9
5 10
5 33
5 54
5 36
6 10
6 15
6 37
38 15
38 48
38 58
38 40
39 52
39 41
42 10
42 15
42 43
7 11
7 20
8 12
8 22
9 17
9 18
10 8
10 17
10 27
11 32
12 27
12 26
13 15
13 24
13 46
14 10
14 28
14 31
14 48
14 52
15 23
16 20
17 14
17 19
17 22
18 44
18 48
18 50
18 52
18 56
18 41
19 18
19 21
19 26
20 32
21 56
22 31
23 28
23 30
23 48
23 52
23 54
23 58
24 8
24 11
24 25
27 33
27 46
27 54
27 35
27 36
28 29
30 8
30 17
31 7
31 16
31 19
33 34
34 30
44 45
45 30
46 47
47 10
47 30
47 40
47 41
48 49
49 15
49 24
49 30
49 37
50 51
51 48
51 52
51 58
52 53
53 33
53 36
53 40
53 43
54 55
55 15
55 46
55 37
55 43
56 57
57 43
58 59
59 52
