0 16
1 11
2 88
3 56
4 14
5 6
6 21
7 22
8 46
9 86
11 12
12 30
13 33
14 45
16 29
17 31
18 38
19 22
20 21
21 22
22 67
23 60
25 1
27 0
28 30
29 31
30 1
31 0
32 88
33 9
34 88
35 1
36 1
37 55
38 56
39 0
40 88
41 0
42 88
43 53
44 70
45 20
46 57
47 6
47 20
48 7
49 70
50 0
51 53
52 1
53 71
54 88
55 56
56 48
57 59
58 1
59 88
61 59
62 1
63 88
64 68
65 70
66 0
67 88
69 3
70 82
71 69
71 70
72 0
73 88
74 77
75 49
77 80
78 79
79 74
80 83
81 82
83 74
84 3
86 91
87 74
88 91
89 74
90 68
91 14
92 76
93 90
93 91
94 74
95 68
96 74
97 65
